<?xml version="1.0"?>
<opencv_storage>
<CameraMatrix type_id="opencv-matrix">
  <rows>3</rows>
  <cols>3</cols>
  <dt>d</dt>
  <data>
    4.8978214839612315e+02 0. 3.4499575455919484e+02 0.
    4.9201625006698845e+02 2.4240988725543536e+02 0. 0. 1.</data></CameraMatrix>
<DistortionCoeffs type_id="opencv-matrix">
  <rows>1</rows>
  <cols>5</cols>
  <dt>d</dt>
  <data>
    -3.7748786382452604e-01 2.1366455971817924e-01
    -7.8258176841248075e-04 -8.3153384905751589e-04
    -7.4493404902940458e-02</data></DistortionCoeffs>
</opencv_storage>
